Epoch,IOU_Train,IOU_Val
0,0.5310,0.5009
1,0.5636,0.5113
2,0.5751,0.5386
3,0.5855,0.5540
4,0.5918,0.4820
5,0.5955,0.4280
6,0.6006,0.4882
7,0.6060,0.4702
8,0.6097,0.4748
9,0.6127,0.5210
10,0.6182,0.1927
11,0.6224,0.5196
12,0.6263,0.5185
13,0.6284,0.4236
14,0.6321,0.5277
15,0.6370,0.4931
16,0.6389,0.5396
17,0.6420,0.4844
18,0.6456,0.4610
19,0.6497,0.4948
20,0.6520,0.4389
21,0.6539,0.5027
22,0.6580,0.4453
23,0.6590,0.5003
24,0.6640,0.4366
25,0.6648,0.2671
26,0.6666,0.4249
27,0.6703,0.5006
28,0.6733,0.4763
29,0.6742,0.2994
30,0.6771,0.4626
31,0.6792,0.4284
32,0.6803,0.3968
33,0.6827,0.3054
34,0.6848,0.4196
35,0.6881,0.2239
36,0.6882,0.3927
37,0.6905,0.4374
38,0.6919,0.4341
39,0.6949,0.3307
40,0.6959,0.4482
41,0.6972,0.4656
42,0.6975,0.4758
43,0.6998,0.2762
44,0.7005,0.4705
45,0.7033,0.3136
46,0.7030,0.2946
47,0.7052,0.3381
48,0.7063,0.3717
49,0.7079,0.3698
50,0.7089,0.3508
51,0.7095,0.4303
52,0.7119,0.3381
53,0.7124,0.3947
54,0.7138,0.2690
55,0.7148,0.2563
56,0.7164,0.3025
57,0.7169,0.3717
58,0.7183,0.3300
59,0.7188,0.2773
60,0.7207,0.4557
61,0.7216,0.3008
62,0.7223,0.4660
63,0.7231,0.2685
64,0.7249,0.4078
65,0.7254,0.3593
66,0.7266,0.4320
67,0.7282,0.4527
68,0.7295,0.3763
69,0.7299,0.2778
70,0.7309,0.4510
71,0.7324,0.3397
72,0.7333,0.1673
73,0.7347,0.2354
74,0.7360,0.3300
75,0.7362,0.1750
76,0.7383,0.2821
77,0.7386,0.2336
78,0.7400,0.3997
79,0.7408,0.2335
80,0.7426,0.4231
81,0.7437,0.3430
82,0.7433,0.3979
83,0.7455,0.3180
84,0.7464,0.2831
85,0.7460,0.3869
86,0.7492,0.3366
87,0.7496,0.3784
88,0.7508,0.2843
89,0.7510,0.3022
90,0.7532,0.2194
91,0.7538,0.3888
92,0.7553,0.3065
93,0.7555,0.3501
94,0.7576,0.2010
95,0.7580,0.2686
96,0.7592,0.4082
97,0.7602,0.3316
98,0.7611,0.3472
99,0.7629,0.4167
100,0.7631,0.4101
101,0.7654,0.4621
102,0.7654,0.1828
103,0.7664,0.3269
104,0.7679,0.4494
105,0.7683,0.2240
106,0.7697,0.4176
107,0.7712,0.2624
108,0.7724,0.3950
109,0.7724,0.5037
110,0.7732,0.2885
111,0.7748,0.2691
112,0.7760,0.2383
113,0.7772,0.4002
114,0.7780,0.2314
115,0.7792,0.3014
116,0.7796,0.3473
117,0.7813,0.3407
118,0.7816,0.3835
119,0.7829,0.4948
120,0.7841,0.2372
121,0.7843,0.3906
122,0.7862,0.4356
123,0.7870,0.3417
124,0.7879,0.4581
125,0.7882,0.3951
126,0.7900,0.2823
127,0.7906,0.1706
128,0.7915,0.2231
129,0.7926,0.4222
130,0.7938,0.2567
131,0.7946,0.3174
132,0.7953,0.3312
133,0.7963,0.3105
134,0.7973,0.2918
135,0.7982,0.3309
136,0.7987,0.4147
137,0.7999,0.2305
138,0.8008,0.2035
139,0.8015,0.3407
140,0.8030,0.3582
141,0.8027,0.3556
142,0.8048,0.4520
143,0.8052,0.2209
144,0.8061,0.1436
145,0.8072,0.1336
146,0.8072,0.3038
147,0.8083,0.3725
148,0.8090,0.1769
149,0.8098,0.3258
150,0.8106,0.1892
151,0.8112,0.2826
152,0.8117,0.3233
153,0.8137,0.3078
154,0.8141,0.3088
155,0.8144,0.2947
156,0.8155,0.3641
157,0.8170,0.4062
158,0.8167,0.4828
159,0.8177,0.4076
160,0.8185,0.4872
161,0.8192,0.3250
162,0.8199,0.3806
163,0.8203,0.2469
164,0.8216,0.4329
165,0.8219,0.2112
166,0.8221,0.4319
167,0.8232,0.2248
168,0.8237,0.3514
169,0.8249,0.2654
170,0.8251,0.3271
171,0.8259,0.3561
172,0.8265,0.3339
173,0.8267,0.3389
174,0.8277,0.3613
175,0.8280,0.2974
176,0.8287,0.3437
177,0.8296,0.4021
178,0.8307,0.2974
179,0.8308,0.2722
180,0.8312,0.3308
181,0.8320,0.3097
182,0.8328,0.2242
183,0.8331,0.3599
184,0.8344,0.2454
185,0.8345,0.2901
186,0.8352,0.3415
187,0.8356,0.3832
188,0.8362,0.4804
189,0.8373,0.2905
190,0.8373,0.3483
191,0.8377,0.2321
192,0.8387,0.4255
193,0.8398,0.2304
194,0.8397,0.2717
195,0.8404,0.3734
196,0.8409,0.1475
197,0.8416,0.4047
198,0.8422,0.1953
199,0.8428,0.2677
200,0.8431,0.3106
201,0.8440,0.3829
202,0.8446,0.2559
203,0.8452,0.2364
204,0.8460,0.3761
205,0.8458,0.3999
206,0.8469,0.4250
207,0.8469,0.2875
208,0.8480,0.4865
209,0.8494,0.3765
210,0.8492,0.4629
211,0.8500,0.4573
212,0.8507,0.2880
213,0.8508,0.3464
214,0.8518,0.3460
215,0.8523,0.3379
216,0.8532,0.2729
217,0.8533,0.2432
218,0.8540,0.2499
219,0.8542,0.4422
220,0.8550,0.4553
221,0.8555,0.4529
222,0.8558,0.2656
223,0.8567,0.3522
224,0.8569,0.4521
225,0.8577,0.2888
226,0.8582,0.3086
227,0.8590,0.3773
228,0.8594,0.3967
229,0.8595,0.1867
230,0.8607,0.3776
231,0.8616,0.3336
232,0.8616,0.3753
233,0.8626,0.3794
234,0.8629,0.4672
235,0.8633,0.3193
236,0.8636,0.1575
237,0.8647,0.3281
238,0.8644,0.5030
239,0.8658,0.3487
240,0.8658,0.3726
241,0.8669,0.3740
242,0.8667,0.3408
243,0.8676,0.4389
244,0.8680,0.3922
245,0.8691,0.3026
246,0.8691,0.3261
247,0.8702,0.3169
248,0.8704,0.2713
249,0.8713,0.2336
250,0.8711,0.3119
251,0.8721,0.3998
252,0.8728,0.3228
253,0.8731,0.3029
254,0.8727,0.2715
255,0.8745,0.4752
256,0.8744,0.3187
257,0.8751,0.2409
258,0.8757,0.3037
259,0.8760,0.3783
260,0.8770,0.4371
261,0.8769,0.3275
262,0.8775,0.2786
263,0.8780,0.3121
264,0.8776,0.3679
265,0.8787,0.3232
266,0.8792,0.2288
267,0.8797,0.4838
268,0.8802,0.2748
269,0.8808,0.2440
270,0.8812,0.2888
271,0.8820,0.3242
272,0.8819,0.3175
273,0.8829,0.2331
274,0.8835,0.3233
275,0.8834,0.4515
276,0.8842,0.3770
277,0.8847,0.4759
278,0.8854,0.2797
279,0.8853,0.3091
280,0.8860,0.2671
281,0.8861,0.3681
282,0.8870,0.2897
283,0.8872,0.4362
284,0.8883,0.4072
285,0.8885,0.3977
286,0.8892,0.2839
287,0.8895,0.3278
288,0.8890,0.2619
289,0.8899,0.3047
290,0.8905,0.4385
291,0.8907,0.3772
292,0.8916,0.4433
293,0.8916,0.4540
294,0.8928,0.4640
295,0.8925,0.4859
296,0.8928,0.2454
297,0.8932,0.2228
298,0.8943,0.3179
299,0.8948,0.2381
300,0.8948,0.3051
301,0.8948,0.2260
302,0.8957,0.3829
303,0.8964,0.4233
304,0.8969,0.4260
305,0.8965,0.2775
306,0.8977,0.2469
307,0.8974,0.2803
308,0.8978,0.3149
309,0.8987,0.2702
310,0.8989,0.3543
311,0.8991,0.3532
312,0.8996,0.4503
313,0.9001,0.2908
314,0.9000,0.3482
315,0.9011,0.3729
316,0.9012,0.4520
317,0.9015,0.3093
318,0.9021,0.4409
319,0.9031,0.3606
320,0.9024,0.2200
321,0.9032,0.2316
322,0.9036,0.3135
323,0.9043,0.3736
324,0.9042,0.3911
325,0.9051,0.4341
326,0.9047,0.2921
327,0.9054,0.3350
328,0.9053,0.2986
329,0.9060,0.1975
330,0.9064,0.3240
331,0.9071,0.3639
332,0.9075,0.4511
333,0.9075,0.3262
334,0.9080,0.2185
335,0.9084,0.4638
336,0.9082,0.4477
337,0.9089,0.2824
338,0.9094,0.3223
339,0.9104,0.3551
340,0.9102,0.2757
341,0.9102,0.3674
342,0.9106,0.4442
343,0.9113,0.4328
344,0.9118,0.5193
345,0.9118,0.4226
346,0.9121,0.3205
347,0.9128,0.4284
348,0.9127,0.4010
349,0.9133,0.2366
350,0.9133,0.2776
351,0.9139,0.3166
352,0.9142,0.3178
353,0.9143,0.2650
354,0.9147,0.2617
355,0.9153,0.2489
356,0.9156,0.4441
357,0.9155,0.2968
358,0.9159,0.2747
359,0.9164,0.3469
360,0.9167,0.2740
361,0.9168,0.2484
362,0.9177,0.4128
363,0.9176,0.3887
364,0.9178,0.3594
365,0.9181,0.4745
366,0.9187,0.4222
367,0.9184,0.2460
368,0.9186,0.4226
369,0.9196,0.3372
370,0.9196,0.3054
371,0.9203,0.3510
372,0.9208,0.3294
373,0.9205,0.3711
374,0.9210,0.2344
375,0.9210,0.3580
376,0.9216,0.3268
377,0.9218,0.3124
378,0.9220,0.2850
379,0.9219,0.2855
380,0.9229,0.4470
381,0.9226,0.3228
382,0.9232,0.3517
383,0.9238,0.2118
384,0.9243,0.3088
385,0.9237,0.3505
386,0.9245,0.3685
387,0.9242,0.4437
388,0.9251,0.2155
389,0.9252,0.3166
390,0.9251,0.2421
391,0.9256,0.3577
392,0.9258,0.4969
393,0.9259,0.3149
394,0.9266,0.3619
395,0.9269,0.4228
396,0.9272,0.4587
397,0.9272,0.3318
398,0.9276,0.2820
399,0.9280,0.4143
400,0.9275,0.3062
401,0.9286,0.2900
402,0.9292,0.4237
403,0.9290,0.2879
404,0.9295,0.2097
405,0.9293,0.4185
406,0.9291,0.2622
407,0.9302,0.3201
408,0.9300,0.3303
409,0.9304,0.2628
410,0.9313,0.3352
411,0.9311,0.4007
412,0.9313,0.4366
413,0.9314,0.1714
414,0.9316,0.3322
415,0.9321,0.4201
416,0.9318,0.3948
417,0.9326,0.4419
418,0.9324,0.3699
419,0.9328,0.2833
420,0.9331,0.3240
421,0.9334,0.2954
422,0.9336,0.4237
423,0.9336,0.4167
424,0.9338,0.4281
425,0.9342,0.4090
426,0.9344,0.2708
427,0.9350,0.3896
428,0.9349,0.3053
429,0.9353,0.3952
430,0.9352,0.1886
431,0.9355,0.3094
432,0.9360,0.2338
433,0.9360,0.1858
434,0.9365,0.3319
435,0.9365,0.2861
436,0.9366,0.4205
437,0.9368,0.3237
438,0.9365,0.4071
439,0.9375,0.2991
440,0.9375,0.2405
441,0.9384,0.2275
442,0.9380,0.3679
443,0.9382,0.3906
444,0.9388,0.3983
445,0.9383,0.2982
446,0.9388,0.2098
447,0.9391,0.4167
448,0.9392,0.3173
449,0.9391,0.3784
450,0.9400,0.3760
451,0.9401,0.2574
452,0.9401,0.4851
453,0.9404,0.3005
454,0.9407,0.3247
455,0.9410,0.3890
456,0.9411,0.1824
457,0.9410,0.2954
458,0.9416,0.4203
459,0.9416,0.4018
460,0.9415,0.3620
461,0.9415,0.4583
462,0.9420,0.2489
463,0.9427,0.4931
464,0.9428,0.2421
465,0.9429,0.2996
466,0.9426,0.2916
467,0.9429,0.2774
468,0.9431,0.4556
469,0.9434,0.3671
470,0.9434,0.2864
471,0.9442,0.3643
472,0.9441,0.2958
473,0.9446,0.4041
474,0.9447,0.3430
475,0.9448,0.3805
476,0.9454,0.4456
477,0.9449,0.4128
478,0.9454,0.2639
479,0.9457,0.3526
480,0.9458,0.4031
481,0.9457,0.3321
482,0.9459,0.2861
483,0.9462,0.1985
484,0.9463,0.2456
485,0.9462,0.3708
486,0.9464,0.3845
487,0.9468,0.4490
488,0.9464,0.2847
489,0.9475,0.3323
490,0.9478,0.3907
491,0.9479,0.1802
492,0.9477,0.4399
493,0.9479,0.2558
494,0.9484,0.3855
495,0.9482,0.4327
496,0.9481,0.3713
497,0.9484,0.2763
498,0.9482,0.3409
499,0.9488,0.3015
500,0.9496,0.2112
501,0.9491,0.3793
502,0.9492,0.3751
503,0.9495,0.2807
504,0.9500,0.2961
505,0.9498,0.4667
506,0.9500,0.3614
507,0.9499,0.1822
508,0.9502,0.3857
509,0.9504,0.2955
510,0.9505,0.4008
511,0.9507,0.3655
512,0.9508,0.1882
513,0.9510,0.2645
514,0.9511,0.2034
515,0.9518,0.3125
516,0.9520,0.4151
517,0.9515,0.3662
518,0.9517,0.3182
519,0.9524,0.3833
520,0.9517,0.3703
521,0.9528,0.4301
522,0.9527,0.2574
523,0.9530,0.4354
524,0.9527,0.3393
525,0.9531,0.3145
526,0.9534,0.3411
527,0.9532,0.4712
528,0.9532,0.3962
529,0.9535,0.3315
530,0.9537,0.4187
531,0.9543,0.3298
532,0.9540,0.2557
533,0.9541,0.4013
534,0.9541,0.3819
535,0.9544,0.2829
536,0.9548,0.2877
537,0.9549,0.2483
538,0.9549,0.3013
539,0.9548,0.3067
540,0.9555,0.2644
541,0.9553,0.2595
542,0.9554,0.3751
543,0.9554,0.3710
544,0.9552,0.3477
545,0.9554,0.4007
546,0.9559,0.3717
547,0.9560,0.3558
548,0.9562,0.2965
549,0.9566,0.1790
550,0.9566,0.4804
551,0.9563,0.2378
552,0.9565,0.2504
553,0.9566,0.4220
554,0.9567,0.2603
555,0.9573,0.3968
556,0.9576,0.3296
557,0.9576,0.4574
558,0.9580,0.3603
559,0.9578,0.3128
560,0.9574,0.3898
561,0.9579,0.3679
562,0.9579,0.3426
563,0.9584,0.2931
564,0.9586,0.4230
565,0.9583,0.2549
566,0.9584,0.4547
567,0.9588,0.1891
568,0.9585,0.3852
569,0.9591,0.3163
570,0.9590,0.3752
571,0.9597,0.1850
572,0.9589,0.4221
573,0.9596,0.3282
574,0.9597,0.2302
575,0.9599,0.2231
576,0.9594,0.2502
577,0.9598,0.3342
578,0.9599,0.2388
579,0.9601,0.2851
580,0.9603,0.2976
581,0.9601,0.4186
582,0.9607,0.4195
583,0.9609,0.3684
584,0.9608,0.3062
585,0.9606,0.3294
586,0.9612,0.3593
587,0.9611,0.4232
588,0.9609,0.2820
589,0.9617,0.3262
590,0.9614,0.3393
591,0.9611,0.2858
592,0.9615,0.3409
593,0.9616,0.4443
594,0.9620,0.3673
595,0.9620,0.3709
596,0.9615,0.3702
597,0.9617,0.3982
598,0.9624,0.3591
599,0.9625,0.4870
600,0.9627,0.3180
601,0.9626,0.3667
602,0.9623,0.3384
603,0.9627,0.4836
604,0.9631,0.3568
605,0.9629,0.3614
606,0.9632,0.3323
607,0.9633,0.4302
608,0.9632,0.3617
609,0.9636,0.2699
610,0.9637,0.3167
611,0.9638,0.4261
612,0.9644,0.4558
613,0.9640,0.3610
614,0.9639,0.2973
615,0.9641,0.2050
616,0.9644,0.2633
617,0.9650,0.3188
618,0.9648,0.2487
619,0.9646,0.3334
620,0.9646,0.2746
621,0.9647,0.4545
622,0.9647,0.3268
623,0.9649,0.3811
624,0.9654,0.4449
625,0.9650,0.3509
626,0.9653,0.3308
627,0.9655,0.4015
628,0.9658,0.4463
629,0.9658,0.4307
630,0.9658,0.3520
631,0.9657,0.3791
632,0.9656,0.3360
633,0.9660,0.3042
634,0.9662,0.3835
635,0.9663,0.3098
636,0.9665,0.3662
637,0.9666,0.3082
638,0.9663,0.2299
639,0.9667,0.3672
640,0.9666,0.4174
641,0.9661,0.2501
642,0.9665,0.2935
643,0.9667,0.3612
644,0.9667,0.2981
645,0.9671,0.3628
646,0.9672,0.3103
647,0.9673,0.3618
648,0.9675,0.3663
649,0.9675,0.3026
650,0.9675,0.4085
651,0.9676,0.4048
652,0.9677,0.3247
653,0.9680,0.3737
654,0.9681,0.2578
655,0.9677,0.2424
656,0.9680,0.4818
657,0.9683,0.2261
658,0.9682,0.2587
659,0.9685,0.3398
660,0.9685,0.3662
661,0.9683,0.3114
662,0.9685,0.4042
663,0.9689,0.2272
664,0.9691,0.2123
665,0.9691,0.2872
666,0.9687,0.3608
667,0.9690,0.3295
668,0.9689,0.3684
669,0.9692,0.3959
670,0.9692,0.4335
671,0.9693,0.3441
672,0.9695,0.3923
673,0.9700,0.2260
674,0.9694,0.3320
675,0.9694,0.3413
676,0.9700,0.3139
677,0.9696,0.2471
678,0.9694,0.2903
679,0.9698,0.3779
680,0.9701,0.3977
681,0.9705,0.3263
682,0.9704,0.3828
683,0.9707,0.4180
684,0.9702,0.2470
685,0.9704,0.2564
686,0.9704,0.2980
687,0.9704,0.3099
688,0.9709,0.4352
689,0.9705,0.3340
690,0.9703,0.2989
691,0.9708,0.3830
692,0.9712,0.4389
693,0.9712,0.3776
694,0.9712,0.2546
695,0.9712,0.4259
696,0.9715,0.4112
697,0.9714,0.3569
698,0.9711,0.3688
699,0.9717,0.4341
700,0.9719,0.3251
701,0.9714,0.3169
702,0.9719,0.1664
703,0.9721,0.2235
704,0.9719,0.4185
705,0.9722,0.3304
706,0.9719,0.3217
707,0.9718,0.2784
708,0.9719,0.2762
709,0.9720,0.3374
710,0.9725,0.4756
711,0.9725,0.4496
712,0.9726,0.3994
713,0.9727,0.2740
714,0.9725,0.2732
715,0.9726,0.3199
716,0.9725,0.3066
717,0.9725,0.2956
718,0.9731,0.3197
719,0.9730,0.4082
720,0.9729,0.2709
721,0.9728,0.3882
722,0.9731,0.4313
723,0.9733,0.3543
724,0.9729,0.3366
725,0.9733,0.4447
726,0.9739,0.4627
727,0.9734,0.3448
728,0.9731,0.3276
729,0.9734,0.3801
730,0.9737,0.3268
731,0.9739,0.3130
732,0.9737,0.4369
733,0.9739,0.3876
734,0.9738,0.1432
735,0.9740,0.4347
736,0.9744,0.3917
737,0.9741,0.3842
738,0.9741,0.4002
739,0.9744,0.3487
740,0.9743,0.3886
741,0.9742,0.3361
742,0.9741,0.3762
743,0.9744,0.4141
744,0.9743,0.2959
745,0.9748,0.3394
746,0.9743,0.3878
747,0.9744,0.2186
748,0.9750,0.2772
749,0.9748,0.3916
750,0.9745,0.3891
751,0.9749,0.3327
752,0.9753,0.2331
753,0.9751,0.2723
754,0.9752,0.2606
755,0.9749,0.4347
756,0.9751,0.2981
757,0.9753,0.2897
758,0.9754,0.4777
759,0.9750,0.3617
760,0.9749,0.2143
761,0.9758,0.3504
762,0.9756,0.4631
763,0.9759,0.2803
764,0.9759,0.2778
765,0.9757,0.2258
766,0.9754,0.3938
767,0.9759,0.2851
768,0.9756,0.2779
769,0.9756,0.2337
770,0.9759,0.4242
771,0.9766,0.3767
772,0.9764,0.4342
773,0.9764,0.3594
774,0.9762,0.3336
775,0.9763,0.4085
776,0.9767,0.3097
777,0.9769,0.2588
778,0.9764,0.3384
779,0.9764,0.3085
780,0.9762,0.2351
781,0.9768,0.3505
782,0.9766,0.4382
783,0.9767,0.3977
784,0.9770,0.3873
785,0.9770,0.4353
786,0.9769,0.3248
787,0.9772,0.3298
788,0.9773,0.3564
789,0.9774,0.2439
790,0.9768,0.3436
791,0.9767,0.2781
792,0.9769,0.3183
793,0.9770,0.2961
794,0.9774,0.3943
795,0.9774,0.3584
796,0.9769,0.4393
797,0.9776,0.4420
798,0.9775,0.4199
799,0.9778,0.3591
800,0.9775,0.1912
801,0.9776,0.4344
802,0.9779,0.3169
803,0.9777,0.3548
804,0.9777,0.3273
805,0.9779,0.4940
806,0.9781,0.2392
807,0.9780,0.4295
808,0.9781,0.4109
809,0.9783,0.4277
810,0.9780,0.3933
811,0.9786,0.3200
812,0.9781,0.4198
813,0.9785,0.3201
814,0.9785,0.3024
815,0.9785,0.2680
816,0.9782,0.4493
817,0.9780,0.3021
818,0.9781,0.4090
819,0.9788,0.4278
820,0.9789,0.3764
821,0.9789,0.3520
822,0.9788,0.3307
823,0.9788,0.2568
824,0.9788,0.2494
825,0.9787,0.3269
826,0.9791,0.3497
827,0.9788,0.2815
828,0.9789,0.3426
829,0.9792,0.4190
830,0.9787,0.3697
831,0.9793,0.4461
832,0.9795,0.3996
833,0.9793,0.4299
834,0.9791,0.3618
835,0.9790,0.3721
836,0.9794,0.3259
837,0.9794,0.4521
838,0.9792,0.4372
839,0.9788,0.2917
840,0.9793,0.3044
841,0.9795,0.2988
842,0.9798,0.3166
843,0.9799,0.4134
844,0.9799,0.3539
845,0.9799,0.4120
846,0.9796,0.2781
847,0.9801,0.3140
848,0.9804,0.2342
849,0.9804,0.3067
850,0.9800,0.2621
851,0.9798,0.4538
852,0.9802,0.3169
853,0.9802,0.4469
854,0.9800,0.2776
855,0.9806,0.2971
856,0.9804,0.2941
857,0.9797,0.2654
858,0.9802,0.2147
859,0.9801,0.4463
860,0.9801,0.3704
861,0.9804,0.3435
862,0.9809,0.3092
863,0.9805,0.3464
864,0.9809,0.3616
865,0.9807,0.3965
866,0.9809,0.2775
867,0.9809,0.3709
868,0.9808,0.3420
869,0.9805,0.3835
870,0.9806,0.3372
871,0.9809,0.4083
872,0.9811,0.2947
873,0.9809,0.3967
874,0.9810,0.3268
875,0.9813,0.3026
876,0.9807,0.3177
877,0.9809,0.3945
878,0.9814,0.3944
879,0.9810,0.2837
880,0.9810,0.3387
881,0.9808,0.3164
882,0.9809,0.4260
883,0.9811,0.2661
884,0.9808,0.2764
885,0.9811,0.3759
886,0.9816,0.3274
887,0.9816,0.1386
888,0.9812,0.3241
889,0.9815,0.4046
890,0.9813,0.2900
891,0.9820,0.3406
892,0.9817,0.3493
893,0.9817,0.3035
894,0.9819,0.3964
895,0.9816,0.2518
896,0.9818,0.3545
897,0.9817,0.4170
898,0.9814,0.2563
899,0.9820,0.2397
900,0.9822,0.3184
901,0.9821,0.3815
902,0.9816,0.2330
903,0.9823,0.4434
904,0.9822,0.3007
905,0.9818,0.2712
906,0.9821,0.3824
907,0.9822,0.3367
908,0.9820,0.3675
909,0.9822,0.3540
910,0.9823,0.4108
911,0.9821,0.3028
912,0.9822,0.3410
913,0.9823,0.1632
914,0.9825,0.4163
915,0.9825,0.2938
916,0.9827,0.2866
917,0.9830,0.3882
918,0.9823,0.4397
919,0.9824,0.2565
920,0.9827,0.3189
921,0.9830,0.3331
922,0.9828,0.3743
923,0.9828,0.3258
924,0.9827,0.2737
925,0.9827,0.3413
926,0.9832,0.3612
927,0.9830,0.4631
928,0.9831,0.2757
929,0.9831,0.3456
930,0.9827,0.3064
931,0.9831,0.3365
932,0.9833,0.3599
933,0.9831,0.3603
934,0.9831,0.3520
935,0.9833,0.4180
936,0.9833,0.2861
937,0.9834,0.3053
938,0.9833,0.2834
939,0.9831,0.4192
940,0.9833,0.2453
941,0.9830,0.3653
942,0.9831,0.1843
943,0.9832,0.4475
944,0.9833,0.3522
945,0.9835,0.2136
946,0.9832,0.2535
947,0.9836,0.4115
948,0.9838,0.4245
949,0.9834,0.3670
950,0.9835,0.3369
951,0.9834,0.4430
952,0.9836,0.3547
953,0.9835,0.3042
954,0.9836,0.3778
955,0.9837,0.3015
956,0.9841,0.2566
957,0.9840,0.2890
958,0.9840,0.3938
959,0.9842,0.3034
960,0.9843,0.3439
961,0.9843,0.2779
962,0.9840,0.2444
963,0.9841,0.3044
964,0.9840,0.3756
965,0.9840,0.3927
966,0.9840,0.3827
967,0.9841,0.4695
968,0.9840,0.2326
969,0.9841,0.3603
970,0.9839,0.3207
971,0.9842,0.3179
972,0.9842,0.3927
973,0.9848,0.1454
974,0.9845,0.3262
975,0.9848,0.3007
976,0.9842,0.3168
977,0.9844,0.4342
978,0.9848,0.4050
979,0.9846,0.3014
980,0.9844,0.3779
981,0.9844,0.2707
982,0.9847,0.3285
983,0.9847,0.4375
984,0.9846,0.3666
985,0.9846,0.3742
986,0.9849,0.2040
987,0.9849,0.3981
988,0.9846,0.2608
989,0.9846,0.3808
990,0.9850,0.3888
991,0.9849,0.3327
992,0.9847,0.4104
993,0.9847,0.2822
994,0.9847,0.2559
995,0.9851,0.2714
996,0.9849,0.4366
997,0.9851,0.3987
998,0.9851,0.3640
999,0.9851,0.3914
1000,0.9853,0.4230
1001,0.9850,0.3755
1002,0.9852,0.3710
1003,0.9855,0.2079
1004,0.9852,0.4265
1005,0.9854,0.3264
1006,0.9852,0.4296
1007,0.9854,0.1868
1008,0.9854,0.4073
1009,0.9854,0.2877
1010,0.9856,0.3795
1011,0.9854,0.4218
1012,0.9853,0.1904
1013,0.9856,0.4390
1014,0.9856,0.3042
1015,0.9853,0.3540
1016,0.9853,0.3835
1017,0.9857,0.3247
1018,0.9854,0.3341
1019,0.9854,0.2506
1020,0.9856,0.2712
1021,0.9857,0.4751
1022,0.9857,0.3388
1023,0.9857,0.4129
1024,0.9859,0.4472
1025,0.9857,0.2100
1026,0.9857,0.3014
1027,0.9861,0.3241
1028,0.9860,0.3803
1029,0.9857,0.2225
1030,0.9861,0.3577
1031,0.9862,0.3298
1032,0.9859,0.3980
1033,0.9862,0.3359
1034,0.9860,0.4550
1035,0.9858,0.3595
1036,0.9861,0.4236
1037,0.9863,0.2384
1038,0.9862,0.3306
1039,0.9860,0.4272
1040,0.9859,0.2689
1041,0.9860,0.4251
1042,0.9859,0.3505
1043,0.9858,0.3723
1044,0.9860,0.2684
1045,0.9862,0.4107
1046,0.9861,0.2784
1047,0.9855,0.3109
1048,0.9862,0.3059
1049,0.9865,0.1314
1050,0.9863,0.2886
1051,0.9859,0.4067
1052,0.9860,0.2831
1053,0.9864,0.3772
1054,0.9862,0.4033
1055,0.9860,0.2497
1056,0.9857,0.2978
1057,0.9855,0.4195
1058,0.9866,0.2177
1059,0.9870,0.3963
1060,0.9866,0.2480
1061,0.9866,0.3271
1062,0.9867,0.3135
1063,0.9867,0.4636
1064,0.9864,0.2358
1065,0.9864,0.2774
1066,0.9868,0.3276
1067,0.9866,0.3622
1068,0.9866,0.2463
1069,0.9868,0.4145
1070,0.9867,0.3132
1071,0.9863,0.2943
1072,0.9865,0.3164
1073,0.9869,0.2993
1074,0.9871,0.3648
1075,0.9867,0.3161
1076,0.9867,0.2379
1077,0.9870,0.3179
1078,0.9869,0.3355
1079,0.9867,0.2830
1080,0.9870,0.2763
1081,0.9872,0.3777
1082,0.9871,0.2315
1083,0.9870,0.3496
1084,0.9870,0.3503
1085,0.9872,0.3542
1086,0.9872,0.2901
1087,0.9872,0.1615
1088,0.9870,0.4234
1089,0.9873,0.3335
1090,0.9872,0.4363
1091,0.9871,0.4306
1092,0.9871,0.3072
1093,0.9873,0.3483
1094,0.9874,0.3083
1095,0.9876,0.4153
1096,0.9871,0.4241
1097,0.9872,0.2631
1098,0.9873,0.3816
1099,0.9872,0.4162
1100,0.9872,0.3588
1101,0.9874,0.2843
1102,0.9876,0.3716
1103,0.9876,0.2323
1104,0.9873,0.2413
1105,0.9875,0.4130
1106,0.9877,0.3948
1107,0.9875,0.3055
1108,0.9877,0.2944
1109,0.9877,0.1816
1110,0.9878,0.3576
1111,0.9875,0.2675
1112,0.9877,0.2308
1113,0.9877,0.3051
1114,0.9875,0.2942
1115,0.9881,0.3005
1116,0.9876,0.4907
1117,0.9877,0.2292
1118,0.9877,0.3454
1119,0.9881,0.2181
1120,0.9881,0.2844
1121,0.9878,0.3259
1122,0.9877,0.2500
1123,0.9876,0.4711
1124,0.9877,0.2365
1125,0.9878,0.3222
1126,0.9880,0.3250
1127,0.9882,0.4151
1128,0.9883,0.2597
1129,0.9881,0.2410
1130,0.9882,0.3677
1131,0.9882,0.2640
1132,0.9881,0.4224
1133,0.9880,0.3821
1134,0.9880,0.2575
1135,0.9880,0.2623
1136,0.9880,0.3473
1137,0.9881,0.2327
1138,0.9883,0.2402
1139,0.9883,0.3172
1140,0.9882,0.3540
1141,0.9885,0.3503
1142,0.9883,0.2185
1143,0.9883,0.4357
1144,0.9883,0.4404
1145,0.9884,0.2622
1146,0.9882,0.3170
1147,0.9882,0.1888
1148,0.9883,0.3427
1149,0.9885,0.3402
1150,0.9884,0.3684
1151,0.9882,0.3431
1152,0.9882,0.4354
1153,0.9885,0.2015
1154,0.9886,0.4457
1155,0.9887,0.4269
1156,0.9885,0.4395
1157,0.9885,0.4219
1158,0.9884,0.4196
1159,0.9887,0.3022
1160,0.9887,0.3215
1161,0.9885,0.3692
1162,0.9886,0.3385
1163,0.9885,0.2820
1164,0.9882,0.4167
1165,0.9887,0.2029
1166,0.9887,0.3299
1167,0.9887,0.2854
1168,0.9889,0.3268
1169,0.9886,0.2068
1170,0.9888,0.3862
1171,0.9887,0.2557
1172,0.9889,0.2333
1173,0.9886,0.3813
1174,0.9886,0.2548
1175,0.9889,0.3606
1176,0.9886,0.3751
1177,0.9886,0.3278
1178,0.9888,0.3975
1179,0.9889,0.3758
1180,0.9890,0.3660
1181,0.9892,0.3208
1182,0.9892,0.3958
1183,0.9890,0.3553
1184,0.9893,0.2404
1185,0.9889,0.2820
1186,0.9890,0.4231
1187,0.9885,0.3418
1188,0.9888,0.4503
1189,0.9890,0.3168
1190,0.9890,0.4041
1191,0.9886,0.3675
1192,0.9884,0.3916
1193,0.9889,0.2422
1194,0.9891,0.3231
1195,0.9890,0.3206
1196,0.9892,0.3451
1197,0.9889,0.1417
1198,0.9889,0.4077
1199,0.9886,0.2916
1200,0.9890,0.3561
1201,0.9887,0.3021
1202,0.9893,0.3670
1203,0.9894,0.2338
1204,0.9893,0.3029
1205,0.9891,0.3197
1206,0.9894,0.4242
1207,0.9892,0.4016
1208,0.9892,0.4276
1209,0.9894,0.2076
1210,0.9893,0.4354
1211,0.9893,0.2568
1212,0.9895,0.3371
1213,0.9896,0.2706
1214,0.9895,0.2135
1215,0.9895,0.2093
1216,0.9897,0.2615
1217,0.9895,0.2488
1218,0.9893,0.4234
1219,0.9896,0.4386
1220,0.9895,0.3576
1221,0.9896,0.0964
1222,0.9894,0.2985
1223,0.9896,0.3889
1224,0.9896,0.3306
1225,0.9894,0.2971
1226,0.9898,0.1734
1227,0.9898,0.2659
1228,0.9899,0.3205
1229,0.9898,0.3240
1230,0.9895,0.2843
1231,0.9895,0.2312
1232,0.9897,0.2553
1233,0.9897,0.3787
1234,0.9899,0.3464
1235,0.9897,0.3608
1236,0.9896,0.3680
1237,0.9899,0.2533
1238,0.9900,0.4105
1239,0.9899,0.2896
1240,0.9892,0.2861
1241,0.9895,0.2734
1242,0.9898,0.3244
1243,0.9895,0.4452
1244,0.9898,0.2155
1245,0.9900,0.3430
1246,0.9899,0.4257
1247,0.9899,0.4153
1248,0.9899,0.3324
1249,0.9898,0.3594
1250,0.9900,0.2740
1251,0.9901,0.4396
1252,0.9898,0.4522
1253,0.9897,0.2501
1254,0.9894,0.4065
1255,0.9896,0.3794
1256,0.9899,0.1345
1257,0.9902,0.2530
1258,0.9900,0.2591
1259,0.9901,0.1730
1260,0.9903,0.2090
1261,0.9904,0.3602
1262,0.9901,0.3323
1263,0.9904,0.3628
1264,0.9900,0.2196
1265,0.9900,0.3871
1266,0.9903,0.1544
1267,0.9901,0.3553
1268,0.9903,0.2033
1269,0.9903,0.2411
1270,0.9903,0.4039
1271,0.9903,0.4526
1272,0.9903,0.3242
1273,0.9903,0.2184
1274,0.9904,0.3314
1275,0.9904,0.3237
1276,0.9903,0.4040
1277,0.9903,0.3219
1278,0.9906,0.3000
1279,0.9896,0.3481
1280,0.9900,0.3758
1281,0.9906,0.4083
1282,0.9904,0.3914
1283,0.9905,0.3412
1284,0.9904,0.3013
1285,0.9905,0.2789
1286,0.9905,0.3530
1287,0.9905,0.3390
1288,0.9903,0.3193
1289,0.9901,0.2821
1290,0.9901,0.2904
1291,0.9904,0.4225
1292,0.9907,0.4256
1293,0.9905,0.2154
1294,0.9902,0.2622
1295,0.9907,0.3111
1296,0.9906,0.3637
1297,0.9905,0.4676
1298,0.9906,0.3441
1299,0.9906,0.3798
1300,0.9905,0.4160
1301,0.9906,0.3804
1302,0.9908,0.4020
1303,0.9905,0.3029
1304,0.9905,0.4190
1305,0.9909,0.2690
1306,0.9903,0.2779
1307,0.9904,0.2858
1308,0.9908,0.3662
1309,0.9907,0.3194
1310,0.9908,0.3813
1311,0.9908,0.1713
1312,0.9908,0.2673
1313,0.9908,0.2398
1314,0.9907,0.3814
1315,0.9908,0.3814
1316,0.9909,0.3156
1317,0.9909,0.1759
1318,0.9909,0.2887
1319,0.9906,0.2601
1320,0.9907,0.1904
1321,0.9910,0.3629
1322,0.9908,0.2352
1323,0.9907,0.2965
1324,0.9908,0.3373
1325,0.9908,0.4106
1326,0.9910,0.3889
1327,0.9909,0.3779
1328,0.9910,0.2654
1329,0.9908,0.1963
1330,0.9911,0.3495
1331,0.9911,0.4066
1332,0.9911,0.4064
1333,0.9909,0.3904
1334,0.9909,0.3562
1335,0.9908,0.4484
1336,0.9906,0.3204
1337,0.9910,0.3322
1338,0.9910,0.2815
1339,0.9909,0.3591
1340,0.9914,0.3360
1341,0.9911,0.3696
1342,0.9912,0.2854
1343,0.9912,0.3647
1344,0.9911,0.3085
1345,0.9908,0.3275
1346,0.9908,0.1956
1347,0.9908,0.2941
1348,0.9910,0.2103
1349,0.9911,0.3600
1350,0.9913,0.4328
1351,0.9911,0.3200
1352,0.9910,0.2718
1353,0.9914,0.3373
1354,0.9913,0.3461
1355,0.9912,0.2422
1356,0.9913,0.2732
1357,0.9910,0.2989
1358,0.9908,0.2918
1359,0.9913,0.2968
1360,0.9908,0.4054
1361,0.9910,0.3377
1362,0.9911,0.2967
1363,0.9914,0.2365
1364,0.9913,0.2846
1365,0.9914,0.2888
1366,0.9907,0.1713
1367,0.9909,0.3915
1368,0.9912,0.3461
1369,0.9910,0.2092
1370,0.9915,0.3622
1371,0.9916,0.3060
1372,0.9914,0.2811
1373,0.9915,0.3150
1374,0.9916,0.2078
1375,0.9915,0.2427
1376,0.9915,0.2826
1377,0.9915,0.3848
1378,0.9914,0.1624
1379,0.9916,0.2078
1380,0.9917,0.3766
1381,0.9916,0.4113
1382,0.9916,0.4274
1383,0.9915,0.4271
1384,0.9915,0.2677
1385,0.9917,0.3702
1386,0.9916,0.3248
1387,0.9920,0.3518
1388,0.9917,0.3323
1389,0.9918,0.3603
1390,0.9918,0.4575
1391,0.9917,0.2505
1392,0.9917,0.3734
1393,0.9916,0.2393
1394,0.9917,0.3625
1395,0.9917,0.3380
1396,0.9916,0.1948
1397,0.9916,0.2250
1398,0.9918,0.3127
1399,0.9920,0.2493
1400,0.9918,0.3599
1401,0.9918,0.1985
1402,0.9916,0.2580
1403,0.9917,0.2858
1404,0.9914,0.3968
1405,0.9918,0.3163
1406,0.9917,0.3754
1407,0.9917,0.3425
1408,0.9919,0.4717
1409,0.9920,0.1584
1410,0.9919,0.3438
1411,0.9917,0.3279
1412,0.9919,0.2211
1413,0.9920,0.3822
1414,0.9920,0.4262
1415,0.9915,0.2040
1416,0.9917,0.2992
1417,0.9921,0.3211
1418,0.9918,0.2351
1419,0.9917,0.2793
1420,0.9919,0.3049
1421,0.9920,0.2852
1422,0.9920,0.2570
1423,0.9920,0.3631
1424,0.9920,0.4300
1425,0.9917,0.2509
1426,0.9916,0.3156
1427,0.9922,0.2830
1428,0.9919,0.3789
1429,0.9923,0.1954
1430,0.9921,0.3664
1431,0.9915,0.4742
1432,0.9916,0.2157
1433,0.9918,0.2054
1434,0.9913,0.3702
1435,0.9918,0.3541
1436,0.9921,0.2996
1437,0.9921,0.3094
1438,0.9919,0.3096
1439,0.9921,0.4653
1440,0.9920,0.3517
1441,0.9921,0.4116
1442,0.9923,0.3979
1443,0.9921,0.2899
1444,0.9921,0.4466
1445,0.9919,0.2629
1446,0.9921,0.4193
1447,0.9924,0.3025
1448,0.9922,0.3139
1449,0.9921,0.4210
1450,0.9922,0.2840
1451,0.9920,0.3863
1452,0.9921,0.4004
1453,0.9922,0.1910
1454,0.9924,0.2973
1455,0.9923,0.2753
1456,0.9925,0.3710
1457,0.9924,0.2581
1458,0.9923,0.3875
1459,0.9920,0.2621
1460,0.9922,0.2675
1461,0.9919,0.3050
1462,0.9921,0.3963
1463,0.9923,0.2725
1464,0.9924,0.3134
1465,0.9922,0.3296
1466,0.9922,0.3625
1467,0.9925,0.4446
1468,0.9928,0.3665
1469,0.9923,0.2715
1470,0.9922,0.2649
1471,0.9924,0.3175
1472,0.9925,0.2902
1473,0.9923,0.2826
1474,0.9919,0.2916
1475,0.9922,0.2276
1476,0.9924,0.3632
1477,0.9922,0.2592
1478,0.9923,0.3672
1479,0.9923,0.2043
1480,0.9923,0.2998
1481,0.9926,0.2895
1482,0.9925,0.3172
1483,0.9926,0.2508
1484,0.9926,0.3647
1485,0.9925,0.4587
1486,0.9924,0.4197
1487,0.9923,0.4290
1488,0.9924,0.3022
1489,0.9924,0.3827
1490,0.9923,0.3752
1491,0.9925,0.3872
1492,0.9928,0.3619
1493,0.9924,0.3028
1494,0.9927,0.3651
1495,0.9927,0.3501
1496,0.9926,0.2814
1497,0.9925,0.3677
1498,0.9925,0.2227
1499,0.9926,0.2142
1500,0.9927,0.3322
1501,0.9923,0.4036
1502,0.9927,0.3724
1503,0.9929,0.2305
1504,0.9927,0.3636
1505,0.9926,0.3801
1506,0.9925,0.2128
1507,0.9929,0.3171
1508,0.9929,0.2826
1509,0.9928,0.2983
1510,0.9929,0.3181
1511,0.9927,0.2895
1512,0.9927,0.3172
1513,0.9926,0.2350
1514,0.9928,0.2664
1515,0.9925,0.3313
1516,0.9926,0.4292
1517,0.9929,0.3076
1518,0.9928,0.3092
1519,0.9929,0.3402
1520,0.9928,0.2935
1521,0.9928,0.1710
1522,0.9928,0.3776
1523,0.9928,0.3909
1524,0.9928,0.2736
1525,0.9928,0.2798
1526,0.9931,0.4026
1527,0.9929,0.4687
1528,0.9926,0.2578
1529,0.9925,0.2378
1530,0.9927,0.3309
1531,0.9930,0.2330
1532,0.9929,0.3745
1533,0.9929,0.2012
1534,0.9930,0.3145
1535,0.9930,0.2425
1536,0.9929,0.3857
1537,0.9930,0.2717
1538,0.9931,0.1862
1539,0.9931,0.3491
1540,0.9930,0.3412
1541,0.9929,0.3480
1542,0.9930,0.3054
1543,0.9929,0.3302
1544,0.9930,0.4173
1545,0.9931,0.2871
1546,0.9929,0.3707
1547,0.9929,0.3184
1548,0.9928,0.3275
1549,0.9931,0.3542
1550,0.9932,0.1949
1551,0.9932,0.3608
1552,0.9930,0.2056
1553,0.9930,0.3774
1554,0.9931,0.3902
1555,0.9928,0.2799
1556,0.9929,0.4139
1557,0.9929,0.4443
1558,0.9931,0.2798
1559,0.9930,0.3128
1560,0.9931,0.4375
1561,0.9931,0.2952
1562,0.9932,0.3055
1563,0.9931,0.3462
1564,0.9931,0.2208
1565,0.9932,0.4559
1566,0.9932,0.2902
1567,0.9934,0.3488
1568,0.9933,0.2364
1569,0.9932,0.3802
1570,0.9930,0.4247
1571,0.9929,0.3845
1572,0.9933,0.1984
1573,0.9931,0.4203
1574,0.9931,0.2778
1575,0.9933,0.1413
1576,0.9934,0.2678
1577,0.9934,0.3881
1578,0.9933,0.3091
1579,0.9933,0.4387
1580,0.9931,0.3001
1581,0.9931,0.2803
1582,0.9931,0.2948
1583,0.9932,0.3330
1584,0.9931,0.2621
1585,0.9932,0.2176
1586,0.9933,0.3610
1587,0.9935,0.1887
1588,0.9931,0.3510
1589,0.9931,0.3432
1590,0.9932,0.3585
1591,0.9934,0.2373
1592,0.9932,0.3356
1593,0.9932,0.2916
1594,0.9936,0.2603
1595,0.9933,0.1366
1596,0.9933,0.4636
1597,0.9933,0.3486
1598,0.9934,0.2456
1599,0.9934,0.2889
1600,0.9935,0.3398
1601,0.9936,0.4165
1602,0.9935,0.3512
1603,0.9935,0.1824
1604,0.9934,0.3805
1605,0.9936,0.2303
1606,0.9935,0.2130
1607,0.9934,0.2298
1608,0.9935,0.4272
1609,0.9932,0.1923
1610,0.9929,0.2615
1611,0.9931,0.2437
1612,0.9934,0.2695
1613,0.9933,0.3499
1614,0.9933,0.3927
1615,0.9934,0.2981
1616,0.9936,0.2551
1617,0.9934,0.2484
1618,0.9935,0.3703
1619,0.9935,0.3328
1620,0.9932,0.2205
1621,0.9937,0.3411
1622,0.9936,0.3353
1623,0.9937,0.2625
1624,0.9935,0.1957
1625,0.9934,0.3882
1626,0.9936,0.3849
1627,0.9935,0.3521
1628,0.9933,0.1909
1629,0.9935,0.2411
1630,0.9932,0.3569
1631,0.9931,0.3175
1632,0.9936,0.2113
1633,0.9936,0.3952
1634,0.9934,0.3285
1635,0.9934,0.2670
1636,0.9934,0.2225
1637,0.9936,0.3211
1638,0.9937,0.2235
1639,0.9937,0.3930
1640,0.9937,0.3969
1641,0.9937,0.2021
1642,0.9938,0.4383
1643,0.9936,0.2181
1644,0.9935,0.3424
1645,0.9937,0.2960
1646,0.9938,0.4081
1647,0.9939,0.2927
1648,0.9937,0.4023
1649,0.9937,0.2149
1650,0.9934,0.4178
1651,0.9935,0.4231
1652,0.9935,0.3807
1653,0.9932,0.2818
1654,0.9937,0.4120
1655,0.9939,0.3710
1656,0.9937,0.4428
1657,0.9938,0.3941
1658,0.9938,0.2053
1659,0.9938,0.3573
1660,0.9938,0.3544
1661,0.9937,0.2396
1662,0.9939,0.2869
1663,0.9939,0.3174
1664,0.9938,0.2829
1665,0.9938,0.2496
1666,0.9939,0.3063
1667,0.9938,0.2230
1668,0.9938,0.3708
1669,0.9936,0.2500
1670,0.9937,0.3098
1671,0.9939,0.3165
1672,0.9940,0.2835
1673,0.9938,0.3551
1674,0.9937,0.3032
1675,0.9940,0.3272
1676,0.9937,0.3355
1677,0.9939,0.3590
1678,0.9939,0.2927
1679,0.9940,0.3910
1680,0.9941,0.3273
1681,0.9941,0.3845
1682,0.9940,0.3695
1683,0.9939,0.4733
1684,0.9941,0.2633
1685,0.9939,0.1772
1686,0.9937,0.3208
1687,0.9940,0.2385
1688,0.9938,0.3037
1689,0.9938,0.3899
1690,0.9937,0.2841
1691,0.9936,0.3235
1692,0.9937,0.4110
1693,0.9938,0.2722
1694,0.9939,0.4037
1695,0.9937,0.3322
1696,0.9937,0.3727
1697,0.9940,0.3850
1698,0.9941,0.3315
1699,0.9941,0.3473
1700,0.9942,0.3272
1701,0.9940,0.3204
1702,0.9942,0.4626
1703,0.9942,0.3480
1704,0.9940,0.2689
1705,0.9941,0.1936
1706,0.9942,0.2231
1707,0.9943,0.2472
1708,0.9941,0.3756
1709,0.9942,0.2245
1710,0.9941,0.3458
1711,0.9941,0.4326
1712,0.9942,0.3427
1713,0.9936,0.2956
1714,0.9941,0.2657
1715,0.9944,0.2756
1716,0.9943,0.4073
1717,0.9941,0.3609
1718,0.9942,0.3639
1719,0.9941,0.4453
1720,0.9941,0.2371
1721,0.9942,0.4185
1722,0.9941,0.1572
1723,0.9939,0.2949
1724,0.9939,0.2712
1725,0.9938,0.2713
1726,0.9940,0.2650
1727,0.9938,0.2937
1728,0.9939,0.3625
1729,0.9940,0.2847
1730,0.9941,0.3615
1731,0.9941,0.3509
1732,0.9938,0.3231
1733,0.9940,0.3561
1734,0.9942,0.4222
1735,0.9941,0.1424
1736,0.9942,0.3962
1737,0.9942,0.3742
1738,0.9945,0.4412
1739,0.9944,0.2814
1740,0.9943,0.2522
1741,0.9942,0.2415
1742,0.9945,0.3186
1743,0.9944,0.3378
1744,0.9944,0.2039
1745,0.9943,0.2765
1746,0.9943,0.3211
1747,0.9942,0.1904
1748,0.9943,0.3682
1749,0.9944,0.3941
1750,0.9943,0.3301
1751,0.9943,0.2447
1752,0.9944,0.2455
1753,0.9944,0.3203
1754,0.9942,0.3949
1755,0.9942,0.1186
1756,0.9942,0.3986
1757,0.9944,0.3435
1758,0.9944,0.3790
1759,0.9944,0.2717
1760,0.9942,0.3826
1761,0.9943,0.3239
1762,0.9944,0.2683
1763,0.9946,0.3002
1764,0.9943,0.3776
1765,0.9942,0.4166
1766,0.9943,0.3936
1767,0.9943,0.3769
1768,0.9944,0.2535
1769,0.9943,0.3896
1770,0.9945,0.3362
1771,0.9945,0.3492
1772,0.9943,0.3221
1773,0.9944,0.2327
1774,0.9945,0.3119
1775,0.9945,0.3379
1776,0.9945,0.2769
1777,0.9944,0.3793
1778,0.9943,0.2925
1779,0.9946,0.1792
1780,0.9945,0.3952
1781,0.9945,0.3028
1782,0.9946,0.3349
1783,0.9945,0.3759
1784,0.9946,0.3282
1785,0.9946,0.4637
1786,0.9946,0.3040
1787,0.9946,0.3258
1788,0.9945,0.3506
1789,0.9945,0.1222
1790,0.9945,0.3642
1791,0.9946,0.1775
1792,0.9942,0.2176
1793,0.9942,0.2728
1794,0.9946,0.3083
1795,0.9940,0.2853
1796,0.9943,0.3410
1797,0.9944,0.3079
1798,0.9942,0.3602
1799,0.9945,0.4575
1800,0.9946,0.2402
1801,0.9946,0.3865
1802,0.9945,0.3397
1803,0.9946,0.2117
1804,0.9947,0.4476
1805,0.9944,0.4115
1806,0.9945,0.2658
1807,0.9943,0.3451
1808,0.9945,0.4198
1809,0.9945,0.3054
1810,0.9946,0.1696
1811,0.9945,0.3775
1812,0.9942,0.4239
1813,0.9940,0.3320
1814,0.9942,0.4232
1815,0.9944,0.4427
1816,0.9946,0.4202
1817,0.9946,0.2292
1818,0.9945,0.3571
1819,0.9947,0.3826
1820,0.9945,0.2768
1821,0.9945,0.3128
1822,0.9946,0.3144
1823,0.9946,0.2861
1824,0.9944,0.3196
1825,0.9946,0.3553
1826,0.9946,0.3556
1827,0.9949,0.3053
1828,0.9947,0.2979
1829,0.9947,0.2832
1830,0.9948,0.3519
1831,0.9948,0.4310
1832,0.9945,0.2503
1833,0.9948,0.2848
1834,0.9948,0.4149
1835,0.9949,0.2716
1836,0.9947,0.3184
1837,0.9946,0.3759
1838,0.9947,0.2616
1839,0.9945,0.3684
1840,0.9945,0.3985
1841,0.9949,0.3665
1842,0.9947,0.2945
1843,0.9946,0.2045
1844,0.9948,0.3300
1845,0.9947,0.2227
1846,0.9946,0.3092
1847,0.9948,0.4073
1848,0.9944,0.3684
1849,0.9948,0.2860
1850,0.9949,0.3951
1851,0.9947,0.4184
1852,0.9948,0.3481
1853,0.9949,0.4270
1854,0.9948,0.3136
1855,0.9947,0.3241
1856,0.9946,0.2217
1857,0.9949,0.2736
1858,0.9950,0.3768
1859,0.9951,0.2982
1860,0.9948,0.3148
1861,0.9949,0.3091
1862,0.9949,0.3926
1863,0.9949,0.3085
1864,0.9949,0.3700
1865,0.9948,0.2425
1866,0.9948,0.2807
1867,0.9948,0.4526
1868,0.9948,0.2074
1869,0.9946,0.2725
1870,0.9945,0.3786
1871,0.9951,0.3601
1872,0.9950,0.3595
1873,0.9948,0.3308
1874,0.9950,0.3011
1875,0.9949,0.3922
1876,0.9950,0.4201
1877,0.9948,0.2653
1878,0.9948,0.2343
1879,0.9949,0.2081
1880,0.9949,0.3866
1881,0.9949,0.2973
1882,0.9948,0.3214
1883,0.9951,0.3575
1884,0.9951,0.4610
1885,0.9950,0.3703
1886,0.9950,0.3092
1887,0.9948,0.2276
1888,0.9948,0.3102
1889,0.9950,0.3784
1890,0.9947,0.2600
1891,0.9947,0.3880
1892,0.9951,0.4177
1893,0.9950,0.2773
1894,0.9951,0.3487
1895,0.9950,0.3373
1896,0.9949,0.3520
1897,0.9950,0.3755
1898,0.9950,0.3665
1899,0.9949,0.3142
1900,0.9948,0.3067
1901,0.9951,0.2660
1902,0.9950,0.2063
1903,0.9949,0.3692
1904,0.9947,0.2571
1905,0.9947,0.3240
1906,0.9949,0.2252
1907,0.9950,0.2052
1908,0.9949,0.3192
1909,0.9950,0.3287
1910,0.9950,0.3292
1911,0.9950,0.4829
1912,0.9951,0.3610
1913,0.9950,0.2715
1914,0.9951,0.2655
1915,0.9952,0.2637
1916,0.9950,0.4537
1917,0.9951,0.4861
1918,0.9953,0.3741
1919,0.9949,0.2042
1920,0.9948,0.4183
1921,0.9950,0.3270
1922,0.9952,0.3850
1923,0.9952,0.3528
1924,0.9951,0.4345
1925,0.9952,0.3427
1926,0.9951,0.3826
1927,0.9949,0.3495
1928,0.9950,0.3591
1929,0.9951,0.1708
1930,0.9951,0.4142
1931,0.9952,0.2974
1932,0.9953,0.2487
1933,0.9952,0.2645
1934,0.9952,0.2711
1935,0.9951,0.3872
1936,0.9953,0.3324
1937,0.9952,0.2673
1938,0.9952,0.3817
1939,0.9950,0.2700
1940,0.9951,0.3564
1941,0.9952,0.3788
1942,0.9949,0.3432
1943,0.9948,0.4176
1944,0.9951,0.3387
1945,0.9951,0.2317
1946,0.9947,0.2641
1947,0.9946,0.2588
1948,0.9947,0.2606
1949,0.9954,0.4310
1950,0.9951,0.3808
1951,0.9952,0.3686
1952,0.9952,0.3960
1953,0.9951,0.2321
1954,0.9948,0.3746
1955,0.9950,0.3251
1956,0.9950,0.3852
1957,0.9951,0.4028
1958,0.9952,0.3308
1959,0.9951,0.3465
1960,0.9954,0.3607
1961,0.9953,0.3777
1962,0.9950,0.3402
1963,0.9953,0.3979
1964,0.9950,0.3222
1965,0.9947,0.3417
1966,0.9951,0.3349
1967,0.9952,0.2355
1968,0.9954,0.3299
1969,0.9953,0.4290
1970,0.9952,0.2568
1971,0.9952,0.3525
1972,0.9952,0.3614
1973,0.9952,0.2930
1974,0.9951,0.2870
1975,0.9954,0.3505
1976,0.9954,0.3865
1977,0.9954,0.4717
1978,0.9954,0.2514
1979,0.9953,0.3763
1980,0.9955,0.3853
1981,0.9953,0.3500
1982,0.9952,0.2032
1983,0.9954,0.3593
1984,0.9953,0.3239
1985,0.9953,0.2599
1986,0.9954,0.4014
1987,0.9953,0.4096
1988,0.9956,0.3717
1989,0.9952,0.4440
1990,0.9953,0.3893
1991,0.9955,0.4351
1992,0.9952,0.2722
1993,0.9951,0.4268
1994,0.9953,0.3551
1995,0.9955,0.3408
1996,0.9954,0.2358
1997,0.9956,0.2868
1998,0.9954,0.4384
1999,0.9954,0.4154
2000,0.9955,0.2985
2001,0.9956,0.3054
2002,0.9954,0.2836
2003,0.9953,0.3203
2004,0.9953,0.3850
2005,0.9955,0.2643
2006,0.9956,0.2837
2007,0.9954,0.3137
2008,0.9952,0.2661
2009,0.9951,0.2834
2010,0.9952,0.2177
2011,0.9951,0.1692
2012,0.9950,0.2512
2013,0.9952,0.2904
2014,0.9950,0.3661
2015,0.9954,0.4062
2016,0.9957,0.3337
2017,0.9956,0.3489
2018,0.9956,0.3244
2019,0.9955,0.4101
2020,0.9954,0.2757
2021,0.9955,0.1754
2022,0.9954,0.3525
2023,0.9955,0.3485
2024,0.9951,0.4071
2025,0.9951,0.3154
2026,0.9955,0.4612
2027,0.9954,0.3266
2028,0.9951,0.3043
2029,0.9954,0.3184
2030,0.9952,0.3787
2031,0.9953,0.4610
2032,0.9954,0.3317
2033,0.9953,0.2269
2034,0.9955,0.4110
2035,0.9954,0.2590
2036,0.9955,0.2704
2037,0.9955,0.2939
2038,0.9955,0.2243
2039,0.9955,0.3244
2040,0.9954,0.4122
2041,0.9954,0.2798
2042,0.9957,0.3806
2043,0.9957,0.2922
2044,0.9955,0.3047
2045,0.9954,0.3254
2046,0.9955,0.2794
2047,0.9956,0.1827
2048,0.9954,0.3305
2049,0.9957,0.1643
2050,0.9957,0.2782
2051,0.9955,0.3526
2052,0.9958,0.4137
2053,0.9957,0.2845
2054,0.9957,0.4013
2055,0.9958,0.3192
2056,0.9955,0.3323
2057,0.9956,0.3215
2058,0.9956,0.3089
2059,0.9954,0.3279
2060,0.9954,0.3991
2061,0.9955,0.4256
2062,0.9956,0.3629
2063,0.9956,0.1746
2064,0.9957,0.3499
2065,0.9958,0.3047
2066,0.9958,0.4615
2067,0.9956,0.3078
2068,0.9957,0.3504
2069,0.9957,0.2801
2070,0.9957,0.1957
2071,0.9959,0.3716
2072,0.9957,0.4315
2073,0.9957,0.3966
2074,0.9957,0.2684
2075,0.9956,0.3214
2076,0.9958,0.3858
2077,0.9956,0.4460
2078,0.9955,0.3066
2079,0.9956,0.4166
2080,0.9957,0.2474
2081,0.9957,0.3519
2082,0.9959,0.3493
2083,0.9957,0.2513
2084,0.9957,0.3138
2085,0.9957,0.3995
2086,0.9955,0.3679
2087,0.9956,0.2228
2088,0.9958,0.2302
2089,0.9956,0.2620
2090,0.9956,0.3280
2091,0.9956,0.3193
2092,0.9955,0.3685
2093,0.9956,0.4137
2094,0.9958,0.3644
2095,0.9953,0.2613
2096,0.9955,0.2331
2097,0.9954,0.3513
2098,0.9953,0.3051
2099,0.9956,0.5008
2100,0.9953,0.4135
2101,0.9959,0.3803
2102,0.9958,0.2662
2103,0.9956,0.2053
2104,0.9955,0.3051
2105,0.9957,0.3669
2106,0.9959,0.3311
2107,0.9957,0.4200
2108,0.9958,0.2913
2109,0.9957,0.1393
2110,0.9958,0.3173
2111,0.9960,0.2694
2112,0.9958,0.3252
2113,0.9958,0.3637
2114,0.9957,0.4142
2115,0.9959,0.2474
2116,0.9959,0.2817
2117,0.9959,0.3710
2118,0.9958,0.3268
2119,0.9958,0.3052
2120,0.9958,0.3034
2121,0.9958,0.4272
2122,0.9957,0.3100
2123,0.9959,0.2537
2124,0.9958,0.2614
2125,0.9958,0.1976
2126,0.9959,0.2763
2127,0.9957,0.3878
2128,0.9957,0.3189
2129,0.9958,0.4107
2130,0.9959,0.2803
2131,0.9959,0.3848
2132,0.9959,0.3118
