Epoch,IOU_Train,IOU_Val
0,0.5341,0.5432
1,0.5621,0.4662
2,0.5744,0.4706
3,0.5825,0.5207
4,0.5892,0.4942
5,0.5961,0.3940
6,0.6018,0.4151
7,0.6040,0.4576
8,0.6094,0.5185
9,0.6122,0.5544
10,0.6146,0.5251
11,0.6193,0.3297
12,0.6209,0.4569
13,0.6252,0.4749
14,0.6278,0.3648
15,0.6296,0.4626
16,0.6336,0.4489
17,0.6358,0.5544
18,0.6369,0.5473
19,0.6411,0.3786
20,0.6420,0.4767
21,0.6441,0.3548
22,0.6461,0.2326
23,0.6481,0.4926
24,0.6509,0.4252
25,0.6518,0.3351
26,0.6545,0.2874
27,0.6548,0.5496
28,0.6564,0.5233
29,0.6588,0.5393
30,0.6608,0.5255
31,0.6629,0.4013
32,0.6645,0.4334
33,0.6649,0.4875
34,0.6667,0.5368
35,0.6680,0.4842
36,0.6703,0.4320
37,0.6705,0.4467
38,0.6731,0.5371
39,0.6743,0.5122
40,0.6761,0.3267
41,0.6771,0.4838
42,0.6786,0.3404
43,0.6798,0.3773
44,0.6818,0.3046
45,0.6819,0.4340
46,0.6838,0.5213
47,0.6854,0.3623
48,0.6868,0.3766
49,0.6877,0.3879
50,0.6883,0.3800
51,0.6889,0.3962
52,0.6909,0.5318
53,0.6910,0.4696
54,0.6926,0.3583
55,0.6934,0.3941
56,0.6944,0.3148
57,0.6966,0.4410
58,0.6967,0.4827
59,0.6986,0.2716
60,0.7002,0.4332
61,0.6993,0.4671
62,0.7015,0.3116
63,0.7026,0.5149
64,0.7028,0.2815
65,0.7044,0.4776
66,0.7050,0.2176
67,0.7058,0.5020
68,0.7060,0.4941
69,0.7072,0.4353
70,0.7081,0.4079
71,0.7088,0.4529
72,0.7092,0.4639
73,0.7102,0.4235
74,0.7125,0.4519
75,0.7122,0.4396
76,0.7133,0.4407
77,0.7142,0.1760
78,0.7143,0.4406
79,0.7157,0.4015
80,0.7166,0.4601
81,0.7164,0.2698
82,0.7147,0.3637
83,0.7160,0.3828
84,0.7182,0.5007
85,0.7188,0.4357
86,0.7198,0.4579
87,0.7209,0.2749
88,0.7208,0.4247
89,0.7202,0.4671
90,0.7229,0.3342
91,0.7205,0.3464
92,0.7230,0.3823
93,0.7238,0.3943
94,0.7243,0.3453
95,0.7247,0.3546
96,0.7217,0.4058
97,0.7278,0.3955
98,0.7260,0.3379
99,0.7275,0.4083
100,0.7273,0.3968
101,0.7286,0.4177
102,0.7284,0.3779
103,0.7295,0.4447
104,0.7307,0.3370
105,0.7310,0.3228
106,0.7305,0.4566
107,0.7328,0.3315
108,0.7318,0.2177
109,0.7331,0.3150
110,0.7335,0.2360
111,0.7352,0.3580
112,0.7347,0.4198
113,0.7349,0.2281
114,0.7350,0.4011
115,0.7371,0.3599
116,0.7364,0.4141
117,0.7372,0.2695
118,0.7390,0.2896
119,0.7384,0.3705
120,0.7391,0.3572
121,0.7400,0.3754
122,0.7393,0.3090
123,0.7402,0.3982
124,0.7404,0.4286
125,0.7420,0.3792
126,0.7408,0.3201
127,0.7427,0.4503
128,0.7431,0.2741
129,0.7418,0.1720
130,0.7440,0.2561
131,0.7445,0.2824
132,0.7452,0.3039
133,0.7453,0.3271
134,0.7442,0.2270
135,0.7461,0.2818
136,0.7468,0.3943
137,0.7474,0.3820
138,0.7476,0.3580
139,0.7474,0.2812
140,0.7470,0.3881
141,0.7483,0.2458
142,0.7492,0.3438
143,0.7492,0.3109
144,0.7497,0.4218
145,0.7498,0.3299
146,0.7508,0.3262
147,0.7501,0.2886
148,0.7519,0.3117
149,0.7503,0.3966
150,0.7523,0.3735
151,0.7528,0.2826
152,0.7536,0.3940
153,0.7536,0.2828
154,0.7520,0.2755
155,0.7550,0.3452
156,0.7548,0.4407
157,0.7550,0.3420
158,0.7549,0.3222
159,0.7556,0.3961
160,0.7567,0.3035
161,0.7565,0.3834
162,0.7567,0.2110
163,0.7572,0.3170
164,0.7578,0.3371
165,0.7580,0.3339
166,0.7565,0.2872
167,0.7608,0.3413
168,0.7593,0.3669
169,0.7600,0.4025
170,0.7600,0.2848
171,0.7609,0.2282
172,0.7617,0.2949
173,0.7610,0.2042
174,0.7624,0.2849
175,0.7616,0.3300
176,0.7627,0.2838
177,0.7629,0.3904
178,0.7636,0.3536
179,0.7630,0.2873
180,0.7644,0.2968
181,0.7648,0.3504
182,0.7650,0.3614
183,0.7648,0.3260
184,0.7657,0.3121
185,0.7665,0.3579
186,0.7674,0.2161
187,0.7657,0.2533
188,0.7686,0.2139
189,0.7679,0.3786
190,0.7683,0.3540
191,0.7686,0.2559
192,0.7680,0.3760
193,0.7695,0.3805
194,0.7704,0.3557
195,0.7681,0.3742
196,0.7718,0.3039
197,0.7721,0.3542
198,0.7712,0.3194
199,0.7719,0.3714
200,0.7726,0.3951
201,0.7731,0.2148
202,0.7736,0.2206
203,0.7718,0.4278
204,0.7745,0.2998
205,0.7752,0.2923
206,0.7751,0.2788
207,0.7747,0.2859
208,0.7754,0.2842
209,0.7766,0.2494
210,0.7764,0.3145
211,0.7775,0.3434
212,0.7779,0.2125
213,0.7785,0.3056
214,0.7788,0.3334
215,0.7782,0.2583
216,0.7788,0.4104
217,0.7798,0.2545
218,0.7799,0.2843
219,0.7804,0.3066
220,0.7807,0.4253
221,0.7817,0.2357
222,0.7820,0.2213
223,0.7829,0.3011
224,0.7824,0.3479
225,0.7830,0.2935
226,0.7814,0.2975
227,0.7849,0.2368
228,0.7833,0.3226
229,0.7851,0.3020
230,0.7851,0.2335
231,0.7857,0.3649
232,0.7863,0.2929
233,0.7862,0.3057
234,0.7872,0.2394
235,0.7882,0.4140
236,0.7875,0.3733
237,0.7887,0.2864
238,0.7886,0.2993
239,0.7891,0.2691
240,0.7899,0.3707
241,0.7900,0.2987
242,0.7898,0.3864
243,0.7904,0.2173
244,0.7914,0.2557
245,0.7917,0.3452
246,0.7920,0.3192
247,0.7922,0.2174
248,0.7926,0.3190
249,0.7930,0.3196
250,0.7937,0.3827
251,0.7942,0.2389
252,0.7949,0.2155
253,0.7949,0.3630
254,0.7952,0.2083
255,0.7949,0.3632
256,0.7965,0.3509
257,0.7957,0.2805
258,0.7963,0.2402
259,0.7974,0.3114
260,0.7941,0.2944
261,0.7993,0.3607
262,0.7981,0.3098
263,0.7982,0.3015
264,0.7991,0.3084
265,0.7988,0.2183
266,0.7998,0.4072
267,0.7999,0.2135
268,0.8004,0.3202
269,0.8007,0.2802
270,0.8013,0.2784
271,0.8015,0.2523
272,0.8020,0.3623
273,0.8024,0.3019
274,0.8027,0.2732
275,0.8009,0.3009
276,0.8035,0.2465
277,0.8030,0.2317
278,0.8036,0.3698
279,0.8042,0.2593
280,0.8042,0.2289
281,0.8047,0.2425
282,0.8048,0.4181
283,0.8059,0.2573
284,0.8054,0.2653
285,0.8059,0.3113
286,0.8060,0.3213
287,0.8064,0.3337
288,0.8072,0.2352
289,0.8072,0.3019
290,0.8080,0.3143
291,0.8082,0.2323
292,0.8082,0.3378
293,0.8086,0.2945
294,0.8085,0.3896
295,0.8095,0.2130
296,0.8096,0.2845
297,0.8105,0.3187
298,0.8103,0.2553
299,0.8099,0.2568
300,0.8107,0.3193
301,0.8117,0.2747
302,0.8112,0.2479
303,0.8116,0.2849
304,0.8122,0.2999
305,0.8119,0.4362
306,0.8126,0.3320
307,0.8127,0.3615
308,0.8136,0.2906
309,0.8140,0.3395
310,0.8140,0.1794
311,0.8141,0.2682
312,0.8147,0.1801
313,0.8146,0.4047
314,0.8157,0.3277
315,0.8157,0.2936
316,0.8158,0.2663
317,0.8156,0.3193
318,0.8163,0.3086
319,0.8169,0.2960
320,0.8168,0.2537
321,0.8160,0.3027
322,0.8180,0.2573
323,0.8182,0.3804
324,0.8182,0.3167
325,0.8177,0.2908
326,0.8189,0.2862
327,0.8186,0.3306
328,0.8190,0.3245
329,0.8196,0.2171
330,0.8197,0.3746
331,0.8201,0.2461
332,0.8202,0.2128
333,0.8201,0.3950
334,0.8206,0.3425
335,0.8209,0.2681
336,0.8210,0.3230
337,0.8218,0.4058
338,0.8220,0.3192
339,0.8224,0.3009
340,0.8221,0.2222
341,0.8222,0.1909
342,0.8228,0.3170
343,0.8227,0.3023
344,0.8234,0.3423
345,0.8236,0.2862
346,0.8241,0.3559
347,0.8242,0.1967
348,0.8239,0.3573
349,0.8244,0.2697
350,0.8251,0.2744
351,0.8252,0.3598
352,0.8251,0.2663
353,0.8257,0.2570
354,0.8260,0.2313
355,0.8262,0.2488
356,0.8262,0.2844
357,0.8269,0.3280
358,0.8274,0.2846
359,0.8268,0.3244
360,0.8271,0.3104
361,0.8277,0.2697
362,0.8281,0.3715
363,0.8279,0.2019
364,0.8290,0.2013
365,0.8288,0.2190
366,0.8297,0.3536
367,0.8296,0.3020
368,0.8291,0.2245
369,0.8297,0.3112
370,0.8296,0.3400
371,0.8304,0.3153
372,0.8306,0.2862
373,0.8312,0.2663
374,0.8306,0.1631
375,0.8305,0.3241
376,0.8306,0.3409
377,0.8318,0.2642
378,0.8314,0.1515
379,0.8319,0.1812
380,0.8316,0.2263
381,0.8327,0.2523
382,0.8321,0.3521
383,0.8332,0.3417
384,0.8335,0.2036
385,0.8337,0.2271
386,0.8332,0.2277
387,0.8336,0.3160
388,0.8334,0.3361
389,0.8345,0.1967
390,0.8341,0.3996
391,0.8352,0.3133
392,0.8349,0.2681
393,0.8351,0.3797
394,0.8349,0.3154
395,0.8359,0.2404
396,0.8355,0.2379
397,0.8357,0.2726
398,0.8362,0.3209
399,0.8367,0.3350
400,0.8366,0.2840
401,0.8366,0.3254
402,0.8372,0.1978
403,0.8375,0.2253
404,0.8381,0.3556
405,0.8379,0.2213
406,0.8379,0.2131
407,0.8378,0.3661
408,0.8385,0.2342
409,0.8388,0.2369
410,0.8395,0.1904
411,0.8391,0.2104
412,0.8393,0.2078
413,0.8396,0.2370
414,0.8391,0.3438
415,0.8395,0.2711
416,0.8405,0.3596
417,0.8403,0.2403
418,0.8403,0.2908
419,0.8410,0.2966
420,0.8401,0.3570
421,0.8411,0.1767
422,0.8411,0.2892
423,0.8418,0.2993
424,0.8423,0.3575
425,0.8418,0.3380
426,0.8419,0.4049
427,0.8418,0.3058
428,0.8432,0.2746
429,0.8430,0.2527
430,0.8432,0.3703
431,0.8426,0.2761
432,0.8436,0.2944
433,0.8437,0.2502
434,0.8443,0.3157
435,0.8442,0.2098
436,0.8446,0.2452
437,0.8445,0.2941
438,0.8449,0.3733
439,0.8451,0.2858
440,0.8448,0.2952
441,0.8453,0.2025
442,0.8452,0.3594
443,0.8457,0.1877
444,0.8449,0.1897
445,0.8462,0.3158
446,0.8465,0.2665
447,0.8460,0.2805
448,0.8467,0.2628
449,0.8467,0.1882
450,0.8471,0.1705
451,0.8478,0.2837
452,0.8472,0.2748
453,0.8472,0.2237
454,0.8475,0.2488
455,0.8476,0.2191
456,0.8478,0.2965
457,0.8480,0.2163
458,0.8486,0.3589
459,0.8490,0.3651
460,0.8489,0.2123
461,0.8492,0.2675
462,0.8489,0.3122
463,0.8490,0.2801
464,0.8497,0.3407
465,0.8497,0.2781
466,0.8492,0.3381
467,0.8501,0.3038
468,0.8504,0.2787
469,0.8502,0.2925
470,0.8505,0.3107
471,0.8507,0.2848
472,0.8509,0.3356
473,0.8511,0.2016
474,0.8511,0.2372
475,0.8515,0.2503
476,0.8511,0.2249
477,0.8519,0.3405
478,0.8520,0.3193
479,0.8519,0.2506
480,0.8515,0.2050
481,0.8524,0.1859
482,0.8530,0.2460
483,0.8526,0.3166
484,0.8529,0.2499
485,0.8530,0.3297
486,0.8522,0.2960
487,0.8538,0.2565
488,0.8538,0.2531
489,0.8538,0.2063
490,0.8537,0.3911
491,0.8536,0.2859
492,0.8545,0.3875
493,0.8544,0.3145
494,0.8550,0.2912
495,0.8547,0.2388
496,0.8547,0.2256
497,0.8552,0.2405
498,0.8553,0.2722
499,0.8557,0.3734
